marker_qw: -0.027700689969261904
marker_qx: 0.9955224201435926
marker_qy: -0.013836837087169982
marker_qz: 0.08931027211969651
marker_x: 0.012044160549462685
marker_y: -0.0978468115360529
marker_z: 0.8648598176507036
robot_qw: 0.9999999999200545
robot_qx: 0.0
robot_qy: 0.0
robot_qz: -1.264479942586104e-05
robot_x: 1.7423474501284536e-14
robot_y: 3.7774203423951946e-10
robot_z: 0.0
saved_time: 1765204962.7824254
